Errors for BackPropogation:
[[-0.99999816]]
[[-0.99999981]]
[[  1.86295424e-13]]
[[-1.]]
[[-0.31597383]]
[[-0.99976599]]
[[-1.]]
[[  6.27201332e-08]]
[[-0.99999999]]
[[-0.02321227]]
[[-1.]]
[[  5.83373444e-06]]
[[-0.99999961]]
[[  4.62219152e-12]]
[[  2.13273843e-13]]
[[-0.99999982]]
[[-1.]]
[[-1.]]
[[-0.99996183]]
[[  8.32667268e-15]]
[[-0.99999894]]
[[-1.]]
[[-1.]]
[[-0.99963082]]
[[  2.82661672e-11]]
[[ 0.00010818]]
[[-0.99999996]]
[[  6.66515981e-08]]
[[-1.]]
[[  2.42517117e-10]]
[[-1.]]
[[-0.93143589]]
[[-1.]]
[[-0.99999807]]
[[-0.99998565]]
[[-0.99911355]]
[[-1.]]
[[-1.]]
[[ 0.14041906]]
[[-0.99702435]]
[[-0.9999987]]
[[  6.66133815e-16]]
[[  6.74630607e-09]]
[[-0.99999984]]
[[-1.]]
[[-0.99999995]]
[[-1.]]
[[ 0.00339557]]
[[-1.]]
[[-0.99999988]]
[[  1.85527344e-07]]
[[-1.]]
[[-0.99988207]]
[[-0.99999999]]
[[  2.82769455e-06]]
[[-1.]]
[[  1.67643677e-14]]
[[  3.25671216e-06]]
[[-1.]]
[[  1.76542463e-05]]
[[  1.44881218e-10]]
[[  4.78619794e-07]]
[[-1.]]
[[-1.]]
[[-1.]]
[[-0.99999959]]
[[-0.99999891]]
[[-1.]]
[[ 0.25494615]]
[[-1.]]
[[-1.]]
[[  6.73913703e-10]]
[[-0.99999068]]
[[-0.99999985]]
[[-0.99998395]]
[[-0.99999998]]
[[-0.71367027]]
[[-0.9999537]]
[[-0.99999928]]
[[-1.]]
[[-1.]]
[[-0.99999998]]
[[-1.]]
[[  2.01568873e-10]]
[[  3.19119179e-08]]
[[-1.]]
[[-1.]]
[[-0.99999096]]
[[  1.36947661e-07]]
[[-0.99837542]]
[[-0.9990987]]
[[-0.2950273]]
[[  3.00870440e-14]]
[[  2.86802677e-07]]
[[  7.25486837e-09]]
[[-1.]]
[[-1.]]
[[  1.32753302e-05]]
[[-0.99999986]]
[[-1.]]
[[-0.9996749]]
[[-1.]]
[[  7.86158506e-05]]
[[-0.99999523]]
[[  8.91700491e-10]]
[[-1.]]
[[  1.66986425e-11]]
[[ 0.00291595]]
[[  1.14869225e-11]]
[[  2.07883224e-05]]
[[  2.61500684e-08]]
[[  7.14375104e-09]]
[[-0.9999998]]
[[-0.99999979]]
[[-1.]]
[[-0.99997053]]
[[-0.99998461]]
[[  4.98097452e-10]]
[[-1.]]
[[-0.99999839]]
[[-1.]]
[[  5.00813835e-11]]
[[-0.99999994]]
[[-0.99999995]]
[[  3.31956684e-13]]
[[-1.]]
[[ 0.00010893]]
[[-0.9999958]]
[[  1.54312119e-11]]
[[ 0.00487987]]
[[-1.]]
[[-0.99999994]]
[[-0.99999998]]
[[  2.56634752e-06]]
[[  2.37355691e-11]]
[[  5.17859375e-07]]
[[  4.71786383e-06]]
[[  1.35336187e-13]]
[[-0.07801887]]
[[-1.]]
[[-0.99999571]]
[[-0.99999976]]
[[  4.44089210e-16]]
[[-0.99998858]]
[[  5.08440012e-09]]
[[  2.05836459e-11]]
[[  2.57054830e-08]]
[[-0.99999999]]
[[  2.32514008e-12]]
[[  7.44121431e-11]]
[[-0.99999941]]
[[-0.99999938]]
[[-1.]]
[[  9.28873312e-08]]
[[-1.]]
[[-0.99889098]]
[[  3.55688623e-09]]
[[-1.]]
[[-1.]]
[[-0.9994696]]
[[-1.]]
[[-0.99999999]]
[[  3.37722167e-06]]
[[-0.99998189]]
[[  5.56229913e-06]]
[[-1.]]
[[  2.50910404e-14]]
[[-1.]]
[[-1.]]
[[ 0.03773845]]
[[  1.99661244e-07]]
[[  6.15370367e-05]]
[[-1.]]
[[-1.]]
[[  6.47261509e-05]]
[[  2.20615082e-10]]
[[-0.00421248]]
[[  7.89101000e-08]]
[[-0.99796492]]
[[ 0.08292948]]
[[-1.]]
[[-1.]]
[[-1.]]
[[-0.99999999]]
[[-1.]]
[[  5.70262892e-09]]
[[-0.99999563]]
[[-0.99998884]]
[[  7.15825288e-10]]
[[-0.01371601]]
[[-1.]]
[[-1.]]
[[ 0.00200169]]
[[-1.]]
[[-0.99999773]]
[[-0.9999984]]
[[-0.9999996]]
[[ 0.00067042]]
[[-0.99999985]]
[[-0.99999971]]
[[  2.26374475e-13]]
[[-0.9997375]]
[[-1.]]
[[-1.]]
[[-0.98427785]]
[[-0.05351429]]
[[-0.99999994]]
[[-1.]]
[[-1.]]
